events: Ir Cy Dw Dr Bc Bcm Bi Bim
cmd: ./hardware_sim config.txt
pid: 1234
part: 1

fl=/home/td/2025/profiler_web_prj/src/main.c
fn=main
1  1  1  0  0  0  0  0  0
2  1  1  0  0  0  0  0  0
3  1  1  0  0  0  0  0  0
5  1  1  0  0  0  0  0  0
6  25000 25000 125  800  200  5  40  10
7  0  0 0  0  0  0  0  0
8  1  1 0  1  0  0  0  0
9  15000 15000 75  500  150  3  25  8
10  1  1 0  0  0  0  0  0
11  0  0 0  0  0  0  0  0
12  0  0 0  0  0  0  0  0
13  1  1 0  0  0  0  0  0
14  1  1 0  1  0  0  0  0
15  1  1 0  1  0  0  0  0
16  1  1 0  0  0  0  0  0
17  12000 12000 60  400  120  2  20  6
18  1  0 0  0  0  0  0  0
19  0  0 0  0  0  0  0  0
20  1  1 0  0  0  0  0  0
21  1000  1000 5  0  0  1  0  0
22  15000  15000 75  500  300  3  25  15
23  1000  1000 5  0  0  1  0  0
24  0  0 0  0  0  0  0  0
25  100  100 1  5  0  0  2  0
26  10000  10000 50  300  100  2  15  5
27  100  100 1  0  0  0  0  0
28  0  0 0  0  0  0  0  0
29  5  5 0  2  0  0  1  0
30  0  0 0  0  0  0  0  0
31  2  2 0  1  0  0  0  0
32  0  0 0  0  0  0  0  0
33  1  1 0  0  0  0  0  0
34  1000 100 5  0  0  1  0  0
35  1  1 0  0  0  0  0  0
36  1  1 0  0  0  0  0  0
37  5000 5000 25  150  50  1  8  3
38  0  0 0  0  0  0  0  0

fl=/home/td/2025/profiler_web_prj/src/utils.c
fn=init_hardware
6  1  1 0  0  0  0  0  0
7  25000 25000 125  1000  400  5  50  20
8  1  1 0  1  0  0  0  0
9  0  0 0  0  0  0  0  0
10  1  1 0  0  0  0  0  0
11  0  0 0  0  0  0  0  0
12  1  1 0  1  0  0  0  0
13  1  1 0  0  0  0  0  0
14  0  0 0  0  0  0  0  0
15  1  1 0  1  0  0  0  0
16  0  0 0  0  0  0  0  0
17  1  1 0  1  0  0  0  0
18  1  1 0  0  0  0  0  0
19  0  0 0  0  0  0  0  0
20  0  0 0  0  0  0  0  0
21  1  1 0  0  0  0  0  0

fn=process_cycle
24  1000  1000 5  100  30  1  5  2
25  15000  15000 75  500  150  3  25  8
26  1000  1000 5  50  15  1  3  1
27  0  0 0  0  0  0  0  0
28  5000 5000 25  200  60  1  10  3
29  3000 3000 15  150  45  1  8  2
30  2000 2000 10  100  30  1  5  2
31  0  0 0  0  0  0  0  0

fn=check_error_condition
34  1000 1000 5  50  0  1  3  0
35  3000 3000 15  100  50  1  5  2
36  1000 1000 5  50  25  1  3  1

fn=handle_error
39  0 0 0  0  0  0  0  0
40  0 0 0  0  0  0  0  0
41  0 0 0  0  0  0  0  0
42  0 0 0  0  0  0  0  0

fn=cleanup_hardware
44  1 1 0  0  0  0  0  0
45  2000 2000 10  100  50  1  5  2
46  1000 1000 5  50  25  1  3  1
47  1 1 0  1  0  0  0  0

fl=/home/td/2025/profiler_web_prj/src/memory.c
fn=setup_memory
8  1  1  0  0  0  0  0  0
9  50000  45000  250  1500  500  15  75  25
10  1  1  0  0  0  0  0  0
11  200  200  1  10  3  0  1  0
12  200  200  1  10  3  0  1  0
13  200  200  1  10  3  0  1  0
14  200  200  1  10  3  0  1  0
15  200  200  1  10  3  0  1  0
16  1  1  0  0  0  0  0  0
17  1  1  0  0  0  0  0  0
18  80000  75000  400  2000  800  25  100  40
19  1  1  0  1  0  0  0  0
20  1  1  0  0  0  0  0  0
21  0  0  0  0  0  0  0  0
22  1  1  0  0  0  0  0  0
23  1  1  0  0  0  0  0  0
24  1  1  0  0  0  0  0  0
25  1  1  0  0  0  0  0  0
26  30000  28000  150  800  300  10  40  15
27  1  1  0  1  0  0  0  0
28  2000  1800  10  50  20  1  2  1
29  0  0  0  0  0  0  0  0
30  1  1  0  0  0  0  0  0
31  1  1  0  0  0  0  0  0
32  1  1  0  0  0  0  0  0
33  1  1  0  0  0  0  0  0

fn=allocate_memory
36  35000  32000  175  900  350  12  45  18
37  1  1  0  1  0  0  0  0
38  1  1  0  0  0  0  0  0
39  1  1  0  0  0  0  0  0
40  800  750  4  20  8  0  1  0
41  25000  23000  125  650  250  8  32  12
42  1  1  0  1  0  0  0  0
43  1  1  0  1  0  0  0  0
44  1  1  0  1  0  0  0  0
45  1  1  0  0  0  0  0  0
46  1  1  0  0  0  0  0  0
47  1  1  0  0  0  0  0  0
48  1  1  0  1  0  0  0  0
49  1  1  0  0  0  0  0  0
50  500  450  2  12  5  0  1  0
51  1  1  0  0  0  0  0  0

fn=free_memory
54  15000  14000  75  400  150  5  20  8
55  1  1  0  1  0  0  0  0
56  1  1  0  0  0  0  0  0
57  1  1  0  0  0  0  0  0
58  300  280  1  8  3  0  1  0
59  300  280  1  8  3  0  1  0
60  300  280  1  8  3  0  1  0
61  5000  4500  25  130  50  2  8  3
62  1  1  0  1  0  0  0  0
63  1  1  0  0  0  0  0  0
64  1  1  0  0  0  0  0  0
65  1  1  0  0  0  0  0  0
66  1  1  0  1  0  0  0  0

fn=cleanup_memory
69  1  1  0  0  0  0  0  0
70  1  1  0  0  0  0  0  0
71  200  190  1  5  2  0  1  0
72  3000  2800  15  80  30  1  4  2
73  3000  2800  15  80  30  1  4  2
74  3000  2800  15  80  30  1  4  2
75  1  1  0  0  0  0  0  0
76  1  1  0  0  0  0  0  0
77  1  1  0  0  0  0  0  0
78  1  1  0  1  0  0  0  0

fl=/home/td/2025/profiler_web_prj/src/io.c
fn=setup_interrupts
8  1  1  0  0  0  0  0  0
9  120000  110000  600  3000  1200  40  150  60
10  1  1  0  0  0  0  0  0
11  500  480  2  12  5  0  2  0
12  500  480  2  12  5  0  2  0
13  500  480  2  12  5  0  2  0
14  500  480  2  12  5  0  2  0
15  500  480  2  12  5  0  2  0
16  1  1  0  0  0  0  0  0
17  1  1  0  1  0  0  0  0
18  25000  23000  125  650  250  8  32  12
19  1  1  0  1  0  0  0  0
20  1  1  0  0  0  0  0  0
21  0  0  0  0  0  0  0  0
22  1  1  0  0  0  0  0  0
23  8000  7500  40  200  80  3  10  4
24  1  1  0  0  0  0  0  0
25  1  1  0  0  0  0  0  0

fn=advanced_processing
28  180000  165000  900  4500  1800  60  225  90
29  1200  1150  6  30  12  0  2  1
30  50000  46000  250  1300  500  16  65  25
31  1200  1150  6  30  12  0  2  1
32  1  1  0  0  0  0  0  0
33  8000  7400  40  200  80  3  10  4
34  1  1  0  0  0  0  0  0
35  15000  14000  75  400  150  5  20  8
36  1  1  0  0  0  0  0  0

fn=process_io_port
39  95000  88000  475  2400  950  32  120  48
40  1  1  0  1  0  0  0  0
41  1  1  0  0  0  0  0  0
42  1  1  0  0  0  0  0  0
43  1  1  0  0  0  0  0  0
44  2000  1900  10  50  20  1  2  1
45  22000  20500  110  550  220  7  28  11
46  1  1  0  0  0  0  0  0
47  18000  16800  90  450  180  6  22  9
48  1  1  0  0  0  0  0  0
49  15000  14000  75  380  150  5  19  7
50  1  1  0  0  0  0  0  0
51  12000  11200  60  300  120  4  15  6
52  1  1  0  0  0  0  0  0
53  1  1  0  0  0  0  0  0
54  1  1  0  0  0  0  0  0
55  1  1  0  0  0  0  0  0

fn=handle_pending_interrupts
58  85000  79000  425  2100  850  28  105  42
59  800  750  4  20  8  0  1  0
60  75000  70000  375  1900  750  25  95  38
61  1  1  0  1  0  0  0  0
62  1  1  0  0  0  0  0  0
63  1  1  0  0  0  0  0  0

fn=service_interrupt
66  45000  42000  225  1150  450  15  57  23
67  1  1  0  1  0  0  0  0
68  12000  11200  60  300  120  4  15  6
69  1  1  0  0  0  0  0  0
70  18000  16800  90  450  180  6  22  9
71  1  1  0  0  0  0  0  0
72  14000  13000  70  350  140  5  17  7
73  1  1  0  0  0  0  0  0

summary: 1280000 1190000 6400 32000 12800 400 1600 640